hop_hqf = [0,0.14945,0.291367,0.3939,0.4609,0.499633,0.521983,0.533667,0.53975,0.54285,0.5443,0.544983,0.5453,0.545467,0.545533,0.545583,0.5456,0.545633,0.54565];
snr_hqf = [27.890641 19.432490 19.988406 16.763685 18.135742 17.980246 20.111413 18.249727 21.095030 16.332311 21.860451 22.131140 17.763057 17.752687 15.792891 21.801385 21.507550 17.139314 19.511286 17.245399 19.476685 20.460631 18.839184 17.588912 16.249517 23.003596 16.232412 17.168497 17.648889 21.966581 20.073731 17.743866 21.510334 19.244171 19.979646 18.572423 17.783803 16.544852 20.980943 18.527575 19.917380 18.323684 16.284166 20.038189 14.798842 18.481626 15.681553 18.560290 20.056585 21.939940 17.210332 21.100785 18.681125 15.056673 19.241612 18.510792 18.486918 15.894031 15.996013 20.024088 17.196742 16.383594 16.376489 20.690429 18.787733 21.610411 20.219591 15.626140 13.454389 16.259168 18.785708 18.386743 19.086021 17.601973 16.484647 20.766451 19.924134 20.720436 19.035957 15.437900 21.324007 20.269123 18.651249 20.496431 18.602384 19.492416 18.375534 19.502557 18.689621 16.480491 22.053573 17.563886 15.632510 16.005444 19.112763 15.147475 19.913726 19.780140 21.428538 18.237088 15.927384 20.042423 18.641700 16.466927 22.199028 16.964077 21.169144 20.686156 17.283394 19.062339 21.748136 22.996698 19.109861 20.494732 13.621974 21.203223 17.745859 19.620670 16.253064 20.440502 21.612108 19.616567 19.286290 16.499791 21.994515 19.024408 19.883997 18.156308 18.071532 19.163712 21.981514 15.212155 20.734234 20.693162 18.122823 20.255038 19.798948 20.762830 21.296262 17.619507 14.981035 18.776330 17.918358 19.921326 20.994891 15.630150 20.292698 16.964254 16.340016 19.652739 17.992254 19.465181 18.713788 19.426048 16.457800 18.034281 16.636041 17.245187 16.422391 15.186142 18.777723 20.301257 18.132150 17.183936 18.596858 15.436008 18.387232 19.715350 16.919080 20.193908 20.670553 16.343006 19.935779 18.732402 18.166852 17.921033 19.944249 18.058043 19.085407 19.677892 18.012841 19.101376 13.350095 21.373772 19.288503 17.817611 16.404992 17.647061 17.375866 18.861683 18.989651 21.479365 21.723754 19.469586 17.651303 24.319420 15.591918 20.639755 18.712376 19.287347 17.732708 21.175020 19.234324 21.268344 16.923820 20.794356 20.534838 18.379567 19.394745 18.376207 21.168624 18.671645 20.070466 18.289487 18.320701 19.271057 20.267161 19.005921 13.204348 20.635733 18.743522 20.215020 19.789194 20.745761 14.793718 19.261289 19.452220 19.228030 16.249110 21.698435 23.713167 20.196225 18.701366 20.878571 20.552732 20.867548 20.672416 19.188462 23.329141 18.196180 19.980101 18.639244 18.750964 19.545616 19.302944 18.889121 16.295089 19.744755 15.570642 14.470637 19.251733 18.557466 19.426627 21.455097 23.572360 21.702159 20.636890 18.525940 20.257374 19.028198 19.708388 19.330782 19.892860 21.698481 18.181134 17.523893 17.251818 17.876093 16.340949 18.923281 20.194003 16.574051 19.110952 18.397454 16.070586 19.136054 17.437210 21.792699 18.913820 17.969466 22.254372 19.319000 20.007873 19.576877 19.073834 18.370864 16.391920 16.145428 18.011313 16.859595 16.050561 17.762537 21.915091 13.715234 15.973480 19.483337 24.117870 18.441331 18.605025 17.536154 14.171701 17.224867 16.042734 19.382669 19.083475 19.645027 18.291833 17.792515 17.665013 18.979226 20.282522 17.613140 16.377995 17.910515 15.477658 18.930348 17.448036 18.720077 18.876922 17.823029 15.678189 15.549097 17.555582 17.800478 18.575120 17.181325 15.363541 17.762653 17.192269 18.507069 17.929331 18.594123 19.494314 21.676089 21.707402 18.100291 18.812889 16.552384 18.356309 20.053010 19.061588 17.747559 18.146735 17.907309 19.624462 16.395077 18.669374 18.805143 21.403314 20.135130 21.163688 20.488383 22.331284 15.673075 19.994119 22.422737 13.712985 20.075422 23.925891 20.993461 17.601185 18.154359 20.029270 20.382028 17.077313 17.681785 19.527554 17.796333 21.720401 15.964581 20.259027 16.264216 19.101316 19.301857 17.381388 15.865655 18.110619 22.390667 19.794433 18.493859 19.257857 17.959966 19.579724 18.204611 19.886774 19.578489 19.612931 16.513364 19.121986 15.256379 20.665569 20.595521 20.445917 19.107343 15.841258 14.792097 20.052195 14.745433 18.583536 20.921704 20.147399 20.401494 20.950663 20.637876 19.225918 19.771403 17.678592 17.916092 19.188390 19.330164 17.432710 19.959376 19.409768 16.498025 16.053295 17.826386 18.863758 14.337041 20.982235 14.198980 17.059984 20.101829 16.729489 19.878719 20.181704 16.650745 17.254435 20.239870 14.937091 19.469980 20.912447 17.431492 14.528109 16.823664 17.331308 20.038269 16.574891 20.577116 18.225829 18.193825 20.247656 16.903588 19.129599 20.027588 20.732391 16.091908 18.572356 14.339890 19.703559 22.174466 19.723059 15.801860 19.156079 19.775536 14.152687 17.099235 18.808603 21.591815 20.833734 22.447256 20.556396 17.445971 17.017927 16.440716 20.012039 18.010058 17.765572 15.022618 18.704302 16.133229 19.475435 14.017475 11.889658 20.045520 17.092743 17.861384 17.296031 19.296636 16.946465 16.842706 17.325102 18.818625 15.276339 17.970582 19.512527 18.541820 16.659103 15.604585 16.840716 18.215331 19.314758 19.181199 14.595689 21.795246 19.634849 17.987843 19.628001 19.015917 21.364221 18.625628 18.420664 18.501678 15.606430 21.629147 18.695358 20.655467 15.936179 20.449136 17.726621 15.076865 18.752864 18.959807 19.453818 17.361990 18.477699 19.262072 14.996435 14.364737 18.647849 17.833892 22.405205 20.434735 19.075069 19.501357 18.907576 16.994494 18.520072 21.471584 20.231013 23.643743 15.045353 14.846223 18.036119 18.300394 18.057580 15.250722 18.037197 14.521612 18.979633 20.306225 15.822952 20.926901 18.566842 18.148939 20.366790 20.456917 19.370584 18.282509 17.652835 18.588925 20.123156 20.336329 17.835406 18.831300 17.108353 18.364647 16.631037 20.299606 19.838181 20.860134 19.433618 18.114458 22.489474 19.239045 19.698150 24.057114 14.775940 20.431289 18.212144 20.196397 17.127971 21.292547 17.371263 18.275748 19.824684 20.154690 15.463594 19.030442 23.051365 16.211603 15.968552 14.950884 16.957439 16.792221 18.713780 18.328832 20.152719 18.222481 16.621414 17.304658 19.551955 16.639233 15.414226 19.877260 20.147617 18.929522 18.295753 15.497381 13.474997 19.984567 21.592306 13.801787 17.885597 23.609597 18.041192 19.693711 15.122596 18.408032 14.166180 18.832701 20.958433 16.054043 17.996254 20.653986 19.398261 17.183341 17.128736 16.496521 17.940458 21.206084 18.785455 13.412472 19.776944 20.342546 17.782251 19.089147 18.554914 17.719554 19.313881 16.982510 16.800268 20.358611 13.689220 20.420240 20.060329 17.840918 15.945974 18.424186 21.023449 16.763263 15.710335 17.966648 21.204225 17.210149 17.784251 15.666417 18.667207 24.045012 20.262480 17.268351 15.915105 19.632911 17.283894 14.820037 21.627266 18.537893 20.725562 21.079769 20.814353 21.325216 21.042923 21.011677 20.207374 14.618234 19.648273 21.228103 10.521592 19.352027 21.185686 14.468971 19.171953 15.402589 18.250933 16.732961 14.600048 20.302119 21.904294 16.980988 17.410644 20.550950 16.604560 16.212065 22.443297 19.327909 17.910649 17.841826 19.310079 18.285292 22.093497 20.240937 15.172796 19.059896 19.617499 17.230785 16.819003 17.021126 13.586158 20.981150 17.013492 20.074545 15.795598 18.952696 18.569088 20.358113 18.423224 16.114701 20.215585 16.445651 17.791806 18.096736 16.248740 23.365058 15.970195 17.558945 21.670328 17.134699 19.834931 18.200960 16.331607 20.081959 14.888836 17.941035 13.869733 19.671439 16.221560 15.741736 19.066368 21.188858 18.668026 20.487142 16.350298 17.139893 21.014453 17.376021 19.392394 17.582346 19.704466 15.579355 16.430098 18.837817 17.284888 20.888212 19.466194 18.021262 17.285326 16.121744 18.604572 18.216703 18.516658 12.974268 17.661102 16.502756 19.515184 20.034444 18.375155 20.100387 14.915323 18.868410 15.726249 19.611766 19.909146 17.160725 18.014855 20.132776 20.164340 18.563596 18.365332 17.414634 17.844457 19.643983 16.800466 19.798338 13.474189 14.975950 19.412824 18.230784 15.438620 19.682051 15.286209 18.869031 19.252343 17.315318 